cycle.txt meta-track.txt
HerculeL1 
staffHouse.txt 1 college.txt 1
staffHouse.txt 12 S HerculeL1
S010000010
0010011010
0010010010
0010010010
0010010110
0010010010
0010110010
0000110000
S-0.0-false-NE 
S010000010
0010011010
0010010010
0010010010
0010010110
0010010010
0010110010
0000110000
S-0.0-false-NE 
S010000010
0010011010
0010010010
0010010010
0010010110
0010010010
0010110010
0000110000
S-0.0-false-FS 
0S10000010
0010011010
0010010010
0010010010
0010010110
0010010010
0010110010
0000110000
S-0.0-false-FS 
00S0000010
0010011010
0010010010
0010010010
0010010110
0010010010
0010110010
0000110000
S-5.0-false-FS 
001S000010
0010011010
0010010010
0010010010
0010010110
0010010010
0010110010
0000110000
S-0.0-false-FS 
0010S00010
0010011010
0010010010
0010010010
0010010110
0010010010
0010110010
0000110000
S-0.0-false-FS 
00100S0010
0010011010
0010010010
0010010010
0010010110
0010010010
0010110010
0000110000
S-0.0-false-FS 
001000S010
0010011010
0010010010
0010010010
0010010110
0010010010
0010110010
0000110000
S-0.0-false-FS 
0010000S10
0010011010
0010010010
0010010010
0010010110
0010010010
0010110010
0000110000
S-0.0-false-FS 
00100000S0
0010011010
0010010010
0010010010
0010010110
0010010010
0010110010
0000110000
S-5.0-false-FS 
001000001S
0010011010
0010010010
0010010010
0010010110
0010010010
0010110010
0000110000
S-0.0-false 
320.0
college.txt 10 S HerculeL1
S010110100
0010110100
0010110000
0000110000
0000110100
0010000100
0010000100
0010110100
S-0.0-false-SE 
0010110100
0S10110100
0010110000
0000110000
0000110100
0010000100
0010000100
0010110100
S-0.0-false-SE 
0010110100
0010110100
00S0110000
0000110000
0000110100
0010000100
0010000100
0010110100
S-5.0-false-FS 
0010110100
0010110100
001S110000
0000110000
0000110100
0010000100
0010000100
0010110100
S-0.0-false-SE 
0010110100
0010110100
0010110000
0000S10000
0000110100
0010000100
0010000100
0010110100
S-5.0-false-FS 
0010110100
0010110100
0010110000
00001S0000
0000110100
0010000100
0010000100
0010110100
S-5.0-false-FS 
0010110100
0010110100
0010110000
000011S000
0000110100
0010000100
0010000100
0010110100
S-0.0-false-FS 
0010110100
0010110100
0010110000
0000110S00
0000110100
0010000100
0010000100
0010110100
S-0.0-false-NE 
0010110100
0010110100
00101100S0
0000110000
0000110100
0010000100
0010000100
0010110100
S-0.0-false-SE 
0010110100
0010110100
0010110000
000011000S
0000110100
0010000100
0010000100
0010110100
S-0.0-false 
280.0
455.0